[[ 20  60   1 100 140   1]
 [ 20  60   1 140 180   1]
 [ 20  60   1 180 220   1]
 [ 20  60   1 220 260   1]
 [ 20  60   1 260 300   1]
 [ 20  60   1 300 340   1]
 [ 20  60   1 340 380   1]
 [ 20  60   1 380 420   1]
 [ 20  60   1 420 460   1]
 [ 20  60   1 460 500   1]
 [ 20  60   1 500 540   1]
 [ 60 100   1 100 140   1]
 [ 60 100   1 140 180   1]
 [ 60 100   1 180 220   1]
 [ 60 100   1 220 260   1]
 [ 60 100   1 260 300   1]
 [ 60 100   1 300 340   1]
 [ 60 100   1 340 380   1]
 [ 60 100   1 380 420   1]
 [ 60 100   1 420 460   1]
 [ 60 100   1 460 500   1]
 [ 60 100   1 500 540   1]
 [100 140   1 100 140   1]
 [100 140   1 140 180   1]
 [100 140   1 180 220   1]
 [100 140   1 220 260   1]
 [100 140   1 260 300   1]
 [100 140   1 300 340   1]
 [100 140   1 340 380   1]
 [100 140   1 380 420   1]
 [100 140   1 420 460   1]
 [100 140   1 460 500   1]
 [100 140   1 500 540   1]
 [140 180   1 100 140   1]
 [140 180   1 140 180   1]
 [140 180   1 180 220   1]
 [140 180   1 220 260   1]
 [140 180   1 260 300   1]
 [140 180   1 300 340   1]
 [140 180   1 340 380   1]
 [140 180   1 380 420   1]
 [140 180   1 420 460   1]
 [140 180   1 460 500   1]
 [140 180   1 500 540   1]
 [180 220   1 100 140   1]
 [180 220   1 140 180   1]
 [180 220   1 180 220   1]
 [180 220   1 220 260   1]
 [180 220   1 260 300   1]
 [180 220   1 300 340   1]
 [180 220   1 340 380   1]
 [180 220   1 380 420   1]
 [180 220   1 420 460   1]
 [180 220   1 460 500   1]
 [180 220   1 500 540   1]
 [220 260   1 100 140   1]
 [220 260   1 140 180   1]
 [220 260   1 180 220   1]
 [220 260   1 220 260   1]
 [220 260   1 260 300   1]
 [220 260   1 300 340   1]
 [220 260   1 340 380   1]
 [220 260   1 380 420   1]
 [220 260   1 420 460   1]
 [220 260   1 460 500   1]
 [220 260   1 500 540   1]
 [260 300   1 100 140   1]
 [260 300   1 140 180   1]
 [260 300   1 180 220   1]
 [260 300   1 220 260   1]
 [260 300   1 260 300   1]
 [260 300   1 300 340   1]
 [260 300   1 340 380   1]
 [260 300   1 380 420   1]
 [260 300   1 420 460   1]
 [260 300   1 460 500   1]
 [260 300   1 500 540   1]
 [300 340   1 100 140   1]
 [300 340   1 140 180   1]
 [300 340   1 180 220   1]
 [300 340   1 220 260   1]
 [300 340   1 260 300   1]
 [300 340   1 300 340   1]
 [300 340   1 340 380   1]
 [300 340   1 380 420   1]
 [300 340   1 420 460   1]
 [300 340   1 460 500   1]
 [300 340   1 500 540   1]
 [340 380   1 100 140   1]
 [340 380   1 140 180   1]
 [340 380   1 180 220   1]
 [340 380   1 220 260   1]
 [340 380   1 260 300   1]
 [340 380   1 300 340   1]
 [340 380   1 340 380   1]
 [340 380   1 380 420   1]
 [340 380   1 420 460   1]
 [340 380   1 460 500   1]
 [340 380   1 500 540   1]
 [380 420   1 100 140   1]
 [380 420   1 140 180   1]
 [380 420   1 180 220   1]
 [380 420   1 220 260   1]
 [380 420   1 260 300   1]
 [380 420   1 300 340   1]
 [380 420   1 340 380   1]
 [380 420   1 380 420   1]
 [380 420   1 420 460   1]
 [380 420   1 460 500   1]
 [380 420   1 500 540   1]
 [420 460   1 100 140   1]
 [420 460   1 140 180   1]
 [420 460   1 180 220   1]
 [420 460   1 220 260   1]
 [420 460   1 260 300   1]
 [420 460   1 300 340   1]
 [420 460   1 340 380   1]
 [420 460   1 380 420   1]
 [420 460   1 420 460   1]
 [420 460   1 460 500   1]
 [420 460   1 500 540   1]]
